name: again3
channels:
  - anaconda
  - defaults
  - conda-forge
dependencies:
  - absl-py=0.9.0=py36_0
  - asn1crypto=1.3.0=py36_0
  - astor=0.7.1=py_0
  - blas=1.0=mkl
  - ca-certificates=2020.1.1=0
  - certifi=2019.11.28=py36_0
  - cffi=1.14.0=py36h7a1dbc1_0
  - chardet=3.0.4=py36_1003
  - click=7.0=py36_0
  - cryptography=2.8=py36h7a1dbc1_0
  - flask=1.1.1=py_0
  - freetype=2.10.0=h563cfd7_1
  - gast=0.3.3=py_0
  - grpcio=1.23.0=py36h3db2c7e_0
  - h5py=2.10.0=nompi_py36h422b98e_102
  - hdf5=1.10.5=nompi_ha405e13_1104
  - icc_rt=2019.0.0=h0cc432a_1
  - icu=64.2=he025d50_1
  - idna=2.8=py36_0
  - intel-openmp=2020.0=166
  - itsdangerous=1.1.0=py36_0
  - jinja2=2.11.1=py_0
  - jpeg=9c=hfa6e2cd_1001
  - keras=2.3.1=py36h21ff451_0
  - keras-applications=1.0.8=py_1
  - keras-preprocessing=1.1.0=py_0
  - libblas=3.8.0=15_mkl
  - libcblas=3.8.0=15_mkl
  - libclang=9.0.1=default_hf44288c_0
  - libgpuarray=0.7.6=hfa6e2cd_1003
  - liblapack=3.8.0=15_mkl
  - liblapacke=3.8.0=15_mkl
  - libopencv=4.2.0=py36_2
  - libpng=1.6.37=h7602738_0
  - libprotobuf=3.11.4=h1a1b453_0
  - libtiff=4.1.0=h21b02b4_3
  - libwebp=1.0.2=hfa6e2cd_5
  - lz4-c=1.8.3=he025d50_1001
  - m2w64-gcc-libgfortran=5.3.0=6
  - m2w64-gcc-libs=5.3.0=7
  - m2w64-gcc-libs-core=5.3.0=7
  - m2w64-gmp=6.1.0=2
  - m2w64-libwinpthread-git=5.0.0.4634.697f757=2
  - mako=1.1.0=py_0
  - markdown=3.2.1=py_0
  - markupsafe=1.1.1=py36hfa6e2cd_0
  - mkl=2020.0=166
  - msys2-conda-epoch=20160418=1
  - numpy=1.18.1=py36hc71023c_0
  - olefile=0.46=py36_0
  - opencv=4.2.0=py36_2
  - openssl=1.1.1=he774522_0
  - pillow=7.0.0=py36hcc1f983_0
  - pip=20.0.2=py_2
  - protobuf=3.11.4=py36he025d50_0
  - py-opencv=4.2.0=py36h5ca1d4c_2
  - pycparser=2.19=py36_0
  - pygpu=0.7.6=py36hc8d92b1_1000
  - pyopenssl=19.1.0=py36_0
  - pyreadline=2.1=py36_1001
  - pysocks=1.7.1=py36_0
  - python=3.6.10=he025d50_1009_cpython
  - python_abi=3.6=1_cp36m
  - pyyaml=5.3=py36hfa6e2cd_0
  - qt=5.12.5=h7ef1ec2_0
  - requests=2.22.0=py36_1
  - scipy=1.2.1=py36h29ff71c_0
  - setuptools=45.2.0=py36_0
  - six=1.14.0=py36_0
  - sqlite=3.30.1=hfa6e2cd_0
  - tensorboard=1.13.1=py36_0
  - tensorflow=1.13.2=h21ff451_0
  - tensorflow-base=1.13.2=py36_0
  - tensorflow-estimator=1.13.0=py36h39e3cac_0
  - termcolor=1.1.0=py_2
  - theano=1.0.4=py36h6538335_1001
  - tk=8.6.8=hfa6e2cd_0
  - urllib3=1.25.8=py36_0
  - vc=14.1=h0510ff6_4
  - vs2015_runtime=14.16.27012=hf0eaf9b_1
  - vs2015_win-64=14.0.25420=h55c1224_11
  - werkzeug=1.0.0=py_0
  - wheel=0.34.2=py_1
  - win_inet_pton=1.1.0=py36_0
  - wincertstore=0.2=py36_1003
  - xz=5.2.4=h2fa13f4_1001
  - yaml=0.2.2=hfa6e2cd_1
  - zlib=1.2.11=h2fa13f4_1006
  - zstd=1.4.4=hd8a0e53_1
  - pip:
    - camera==1.3.0
prefix: C:\Users\yatin\.conda\envs\again3

